41 93
41 91
41 94
3 2
3 9
3 23
3 19
3 20
3 24
3 31
3 22
3 25
8 149
8 40
8 115
8 52
8 39
8 26
8 142
8 41
8 31
8 42
2 165
2 13
8 1
8 122
0 1
38 115
38 114
2 16
2 18
2 31
2 64
2 87
41 1
8 3
7 33
7 34
37 109
37 110
41 192
41 87
41 0
41 172
41 67
41 58
41 177
41 46
1 10
4 30
3 21
8 44
8 36
8 109
8 101
8 64
8 87
24 33
41 64
7 35
7 36
41 48
10 31
10 50
41 37
7 37
57 145
57 146
57 147
57 148
4 26
4 29
4 11
81 215
37 197
37 198
2 12
6 46
2 15
2 14
2 17
0 4
0 5
0 0
6 43
8 43
8 45
0 2
0 9
2 1
3 1
36 67
36 69
36 66
